2.6671, 84.6639
9.0806, -155.6640
-66.3005, 140.6882
-32.7967, -7.0799
46.9580, -95.7000
18.3587, 149.0546
-87.9932, -65.6610
-44.5401, -14.8194
-23.8971, 62.8166
-83.2758, -17.3196
-58.7030, -177.9511
15.1777, 113.0561
-18.1361, 110.2032
64.1339, 14.3112
73.5411, 158.6796
12.2540, -121.6975
48.9951, 14.3734
20.9954, -53.8215
57.2823, -58.1943
-50.9424, 139.7184
9.2910, 90.0970
14.1831, 54.6091
-22.6916, -56.9125
38.6441, -28.2734
79.2890, -120.5588
-29.9132, -107.5344
37.5488, -132.2158
32.5674, -163.3235
19.6507, -165.9547
-58.0303, -108.8409
-37.2175, -168.3340
-37.0444, 141.7382
-85.1782, -168.1138
-70.1761, 35.7252
-55.1662, 140.5703
-11.4991, 146.2998
-25.5140, 93.4896
34.6418, -5.4577
-11.9072, 80.3080
86.4701, -23.4852
60.1363, -135.0306
20.3800, -134.0167
61.1863, -15.7932
-28.4807, -12.7020
-40.7896, -63.6123
-80.9123, 175.1314
19.3558, 130.5654
-76.8422, 26.5334
-72.7078, -38.9933
54.5067, 12.1391
-15.9875, -50.3641
15.3164, -145.9609
-20.1408, -87.3814
29.6725, -114.9679
28.0444, -177.6143
87.7962, -136.7030
30.7111, -98.6146
81.5411, 96.7677
-1.3510, 2.4188
-38.4922, -95.3426
78.8063, 141.6447
9.2065, 34.2469
53.2004, 101.0474
82.9923, 86.1134
61.7206, -79.0196
-1.6350, -71.1285
5.4345, -60.4389
-70.9602, 67.9106
55.9043, 62.6804
37.7702, 87.1545
-64.4335, -156.4469
29.5665, -27.5925
-21.3180, 71.1981
9.2084, -107.0251
28.1688, -174.3895
-20.8205, 121.4230
-57.7610, 77.9630
70.3091, -0.3089
-43.0863, 88.6331
85.9143, -28.0195
44.8685, 141.6383
-83.9683, -122.1110
12.6179, 117.0572
-39.0684, 48.8693
-9.8839, 112.9515
31.3791, 80.1794
-42.9002, -9.5866
-29.1277, -49.7744
-31.2887, 78.0693
-10.7135, -55.8414
52.6876, 29.7310
-12.8789, 30.0819
74.7891, -134.1274
-5.1806, 106.0177
-66.5739, -129.1263
-73.7111, 175.9740
-24.6630, 23.9550
48.5998, 74.1606
46.8587, 144.9108
-15.1882, 45.7868
-47.5647, 136.4233
-61.1934, 164.8006
-84.3178, -82.7018
40.5481, -104.7809
26.5731, 145.8756
-70.5693, -102.0617
-78.3368, -13.6123
-21.2779, 116.3504
5.9790, 12.8059
82.8553, -25.4775
-41.9483, -175.6154
-29.4487, -130.8171
-38.4444, -148.5827
40.0189, -58.7932
8.4780, 6.0386
-4.2097, -121.7499
-29.6464, 38.9936
-46.4534, 101.4154
-50.0528, 98.9563
-22.3125, -72.7128
32.7196, 16.9476
-76.9708, 53.9489
-37.0095, -55.1619
32.8972, -70.0506
-85.7672, 14.6591
-57.9605, -3.8872
-33.2012, -93.8439
-17.0367, -127.4464
-39.1604, -104.3302
53.4142, 103.3374
-61.0488, 113.2379
18.2920, -117.8356
62.7896, 135.4385
-55.1605, 152.2861
10.6414, -61.3735
35.5054, -110.1024
56.1921, 167.4796
-48.5084, -39.6129
59.5660, -160.9480
19.7306, 53.4490
-11.4912, 153.8376
-5.2260, 54.8147
-80.2906, -171.5399
54.3543, 54.5040
86.5304, -125.1941
18.0272, 12.3817
-81.3121, 44.4652
-42.3463, 121.6676
71.2573, -149.8838
70.7279, -102.3140
29.5205, -7.4734
10.2132, -139.1038
-88.5016, -57.3485
7.3640, 18.0656
65.5607, 6.9285
20.9750, 149.3572
-66.2933, -3.9041
-54.6569, 69.2494
61.2223, -11.4889
54.3940, -108.5188
-87.7788, 170.6071
-3.5996, 110.8380
-47.8774, 134.1341
-37.3938, 154.6288
-32.2887, 153.6656
32.2192, 37.2757
21.0298, 126.6551
-13.8185, -63.1950
-77.7722, 163.8073
-9.4554, 78.9663
78.1125, -115.3877
-6.8892, 113.3686
31.6459, -97.8930
-39.2685, -27.2612
19.4328, -70.0515
-36.8649, -123.1360
22.2089, 76.9336
-49.2294, -21.0580
-84.8320, 153.9749
-66.2771, -77.0050
1.1433, -159.7218
-50.9049, 125.6824
43.6789, -145.4928
-72.1170, -53.9439
-62.8658, 156.0514
-62.7874, -2.3421
-61.8741, 72.7595
-87.0048, 23.4474
-76.6294, -38.3371
-37.4236, -131.4974
-13.1836, -102.8928
-45.3188, 76.3661
12.6885, 165.5357
61.8064, 158.3366
-10.8677, -173.6038
-55.0535, -96.7659
-79.1966, 111.6872
47.4667, -122.7009
34.8415, -61.6633
-33.0904, -118.4304
70.3859, 30.4131
87.1990, 110.3482
79.5475, -146.0791
-87.8142, -28.4013
30.7419, 153.2705
34.5787, 3.2026
-87.8848, 17.8478
-58.8192, -176.7121
87.8134, -166.5556
47.7564, 2.2256
56.0103, -159.2640
-41.2302, 39.7962
-63.6274, -68.2357
-40.2181, 103.5631
-10.8118, 98.6754
56.8557, 123.7060
13.5465, 52.3702
-85.7633, 62.8113
34.4457, -100.4751
47.6502, -83.3868
9.2367, 146.6889
-12.3538, -46.1857
1.8944, 169.3925
-85.6656, -35.8764
26.6569, -156.0645
55.7931, -174.9668
-75.6050, -76.4660
-82.7280, 124.6566
-79.4103, 113.7420
83.4474, -53.5860
54.0589, 89.9912
-7.8346, 89.7478
-4.9322, -13.7512
13.7712, -12.5008
81.9363, 43.1330
41.0862, -143.6904
20.5390, 134.0197
-43.1856, 83.5266
-49.1397, 27.8124
-32.7711, -35.6552
12.3256, -71.6006
80.8666, 88.1008
5.9733, -25.4074
28.1872, -168.3576
-57.2417, -174.7547
1.5013, -98.0282
53.4773, -111.3864
-44.8561, 78.5874
80.6719, -147.7293
47.2345, -143.8152
48.1529, 116.9150
-83.7744, 126.4210
-76.9720, -57.7381
-79.9544, -79.0727
50.3449, -112.9777
-28.7275, -111.8649
-62.8852, 56.2283
-34.4311, -111.5433
31.6212, 159.4107
84.8977, 16.2811
-50.7462, 175.0862
46.6015, -138.1796
-55.2527, 55.4185
-30.9421, -106.3630
0.5310, 73.4739
-15.2854, -159.4626
9.2126, 98.9345
-32.5402, 166.2488
-33.6699, 9.4852
-29.5411, -113.1561
-57.3253, 132.8274
-15.1948, -170.0785
-58.6870, -80.7371
5.1840, -96.3976
52.9125, 121.2568
16.5119, -28.6906
-50.6471, -149.3670
-36.9772, 159.6005
-0.4379, -97.2992
-87.3177, -35.1805
60.1445, -47.9329
24.7691, -93.1536
17.0188, -111.7812
19.8678, 106.2749
15.2593, -56.2113
-89.6690, 32.6119
22.5731, -139.4926
-1.7009, -138.3472
62.7362, 111.3117
61.8997, -38.5266
49.7533, 30.5715
-82.6701, 133.1799
-51.1020, -27.5934
-5.6943, -149.4121
-15.7537, 81.2514
27.7855, 128.5907
6.9893, -85.7148
-45.0870, -5.7900
50.2616, 96.6456
77.2085, -6.0160
-5.2304, 12.1045
-87.5900, -149.2039
75.6834, 24.4853
19.9831, 168.1913
0.0122, -94.4234
87.3872, -133.8529
16.7686, -84.6724
-88.2745, -46.0339
9.7121, -61.3482
-85.9172, -160.5043
-87.2863, 61.4270
-41.7193, 61.4063
1.8101, -98.1971
-73.5319, 135.7147
86.6913, -133.3123
-25.5108, 83.0478
59.3356, -174.8710
-72.2029, -72.1614
42.4292, -133.2769
-24.1134, -38.8740
-85.7657, 86.6992
-29.5262, -65.2922
57.8087, -13.5704
-82.2078, 167.7616
20.8890, 164.3471
-10.8649, 62.5030
68.2095, 25.1928
-60.6080, 35.0153
-79.4779, 113.4148
85.4581, -61.8483
-5.3376, -177.8590
5.0573, 124.9068
28.8973, 57.6700
-18.8920, -118.2701
-55.1776, -116.7063
34.2549, -177.6933
70.5837, -18.4005
-5.8436, 112.8014
-50.0012, 61.7231
-88.7778, -19.1329
-24.0867, -126.0167
22.3807, -61.6998
-74.0665, 61.1011
-2.2184, 117.2499
44.4421, 34.1895
-64.8013, 101.6387
-23.9573, -120.5966
-85.7650, -113.6555
-61.7711, -52.2163
29.0318, 86.5891
22.7282, -38.8483
70.9490, -100.5225
-54.3186, 151.6489
41.9928, 27.0957
49.9974, -76.1320
62.4638, -135.3470
-46.6683, -148.6342
20.4503, -46.8195
-77.2284, -96.2575
25.7049, -161.7471
16.7863, -54.2899
-4.4053, -138.0369
-69.3604, -17.6049
-15.8608, -49.7185
13.6466, -136.5847
69.4614, 48.3171
7.4424, -140.1505
44.6918, -76.9735
-5.6571, 67.2362
-36.8666, 28.7886
30.6127, 108.3612
47.8443, 122.1934
38.6673, -47.2894
-78.6043, -173.5883
19.4335, 174.2721
-32.3292, -33.1441
-5.2173, -110.9741
-29.4652, 174.5117
14.1963, 126.4941
-70.5923, -52.4517
-15.7422, 136.0599
-17.2782, 47.8771
23.5044, 114.1354
51.7880, 144.5430
-76.4474, -147.7439
0.3678, -46.2980
82.7504, -163.5675
-82.4942, 86.5686
61.2390, 134.3248
53.6859, -101.2980
61.4783, 164.2282
-9.1450, 22.6536
-50.7315, 85.3814
-9.5057, 102.5264
-8.8370, -28.1263
-2.8794, 8.4280
57.6418, 143.1627
70.5424, -156.9196
3.2231, 76.3607
-51.4080, 170.6962
-75.7676, 42.0322
31.3650, -24.0669
-72.0720, -19.6547
22.7649, -138.1924
12.7811, 78.0062
-23.1613, 54.6416
53.8961, -169.5277
72.8485, -141.7278
-80.1778, -172.5964
-65.6402, -166.9611
53.0583, 16.1644
-85.7241, -76.5288
48.4215, 135.8611
-35.1216, 58.8181
-46.6935, -147.7984
10.4254, 61.7232
22.8906, 37.8293
5.5510, 129.9868
60.0832, 121.0023
-35.5348, -76.3295
-43.9389, -51.5079
-74.0571, -90.9378
14.0534, -13.7687
54.5341, -75.2463
-33.5535, 114.4785
88.2574, 6.6269
7.3715, -114.3625
-32.3890, -138.6062
-18.1734, 150.9461
39.7095, 159.5528
66.4419, -22.7099
80.3304, 136.2975
49.0577, 177.1887
74.5879, 98.6780
11.7517, -57.1361
58.3991, -44.1937
-55.3333, 76.0560
-66.8508, -157.6760
-15.1196, 104.2547
-53.2618, -72.0148
65.4005, 112.5903
81.1853, 115.0461
64.6696, 152.4266
-18.5546, -179.6141
-30.9855, -38.8590
-75.6801, 68.0994
-89.6413, -41.1401
17.0804, 32.3011
79.4963, -137.8355
-2.1048, -159.5572
-11.5638, -43.7836
-18.8089, 107.1373
50.7731, 171.0487
-27.2660, -74.9213
1.0568, -4.6069
21.6985, 139.6166
23.5915, 51.4030
0.2947, 163.2794
-35.9786, 8.5328
-2.8171, 55.5615
-38.4316, -115.1266
-21.8390, 135.5706
28.8018, 7.6164
9.8255, 32.2371
-37.5373, -79.9972
-28.7256, -76.0501
-21.5591, -171.9381
-69.3387, 19.9545
-52.9827, -22.5617
-69.3674, -52.6194
24.0006, 66.3690
-19.9051, -35.3973
16.2404, -42.3729
-61.1728, 67.4122
6.4938, 7.0105
74.2579, -121.9972
3.1167, 85.3537
71.2067, 53.6290
-26.6542, 19.1217
25.2339, 100.5646
41.0849, 119.2937
17.4901, -66.6703
-21.2868, -100.8786
4.2872, -43.8165
75.1060, 157.5838
-25.6039, -15.6392
-67.7746, -163.4700
-67.0044, -66.2037
-44.9469, -160.9857
-82.9971, 174.8486
-27.6038, -27.5163
33.5973, -128.6975
43.3929, 154.3574
-84.7633, -125.3872
-4.7660, 130.8269
27.6985, -29.6611
86.1825, 25.3728
37.9469, 35.2911
-30.4091, -97.7435
-37.5686, 42.6549
-55.2680, 116.4923
72.9725, 90.8962
-55.0548, -15.5637
-9.3516, -29.9935
7.8219, 60.7909
89.4560, -22.7628
-28.2403, -155.4245
48.9041, -77.4250
-23.2491, 77.1794
5.3946, -35.3822
-49.1223, 77.0183
-62.1181, 93.7054
3.0809, 148.3454
-7.1464, 153.0471
60.5718, 178.4143
68.4035, -166.3853
-32.5001, 51.7890
-26.5654, 132.9121
82.9517, -168.7445
43.1623, -175.1497
56.6968, 146.1564
-9.1305, 140.9660
86.2473, -19.5852
13.4517, 59.9381
10.7816, -7.1008
-8.0701, 121.0169
-33.8253, 110.0934
-16.7143, -160.3695
-8.0368, 49.7684
41.9166, 77.4698
70.7948, -127.6234
-67.4890, 112.1741
-22.6605, -163.6619
11.0149, -46.9622
-35.7384, -22.6986
86.1007, 149.1783
19.1313, -144.8031
29.1156, -71.4384
-78.0237, -75.2306
83.2217, 145.3400
78.8323, 72.3176
76.7980, -90.0368
-79.0588, -149.6148
69.3051, -122.7637
-77.5073, 65.4221
-81.0510, 133.4628
-63.1443, -38.8092
-30.9195, -5.7723
-38.2450, 36.8460
71.7317, -120.7170
57.3578, -70.7228
10.1636, -5.1591
36.2948, 74.0411
-67.8604, -66.8336
67.4703, 96.1089
-49.0303, 88.9494
4.7201, -72.3555
-55.6621, 3.2877
-26.0585, 36.5973
-71.5993, 14.5604
-15.6340, 69.6205
-75.1954, -127.6278
-16.2406, 60.4934
62.2754, -135.4701
52.1995, -154.1864
-28.1161, 66.3777
-8.5479, 128.7414
17.5845, 48.5121
-11.0528, -176.7485
-33.3423, 131.4759
23.8124, 73.5862
-15.2724, -62.6524
-63.8667, -68.5900
-6.8723, 118.6982
4.4195, -170.9089
-39.3564, -128.9442
66.8763, -88.6990
-44.4301, -11.7399
66.3112, 98.2677
-77.0538, 58.1187
54.9509, 2.4806
-2.4995, -128.4914
64.5479, 159.0560
-75.2295, -123.2640
-30.3183, -171.5597
-31.4477, -48.9307
-87.6011, -171.3604
45.5789, -127.0802
82.7741, 98.7697
-74.6291, -48.9334
89.4983, 20.6469
71.7087, -49.0045
-12.1721, 64.9433
3.4010, 27.9256
59.0167, 154.4220
-69.2170, 95.3721
-14.5374, -69.8851
52.1555, -130.7725
-36.3614, -82.2911
-77.2624, -9.0545
-32.2180, -131.8190
-78.0824, 15.6780
9.5988, 73.8028
-21.5258, -88.9760
32.5793, -113.8411
-19.4429, -136.7691
46.8004, 27.0194
-40.8025, -177.1707
-89.7951, -66.2517
5.4304, 114.8524
-87.3850, 94.9492
-54.7299, -10.8034
80.2218, 115.7910
41.2702, 177.7647
51.5424, 144.9554
-0.6264, -73.4554
8.8059, -101.7119
-61.6576, 86.5290
-62.0661, -101.7099
14.7349, -46.3464
74.3975, 5.2188
49.8906, 85.7356
-68.7887, -174.5140
-4.1728, -36.0562
33.6697, 36.0691
-10.0950, 6.9839
-85.8670, 11.3622
-10.2584, -170.1601
26.4082, -10.5133
8.3890, 166.0567
36.1110, 125.3418
-84.7526, 121.7201
25.5109, 133.0162
24.2059, 122.0423
-54.8660, 102.2715
-48.7842, 171.8518
-59.9241, 168.4224
41.2140, 47.4908
-78.9412, 141.4438
67.2644, 18.6668
89.9432, 124.6627
-43.5957, 152.5807
-36.2076, -17.0601
33.0188, -158.2869
-36.1919, -53.2852
-22.3072, 113.8269
-73.3608, -86.2613
-51.5126, -35.3267
83.3319, 178.1237
-71.7584, 140.7592
14.1081, -30.9148
62.2406, -64.5675
-4.6897, 137.8567
7.8196, -94.8062
-13.1418, 108.1967
-49.2296, 137.1283
15.8815, -14.5737
-49.4693, 93.0651
-54.3758, -44.4175
15.5563, 11.4329
49.5024, 132.0505
70.3490, 153.7209
57.5571, 175.1050
-30.0970, -127.4766
40.1682, 147.6814
-87.2378, 122.2350
5.5103, -58.3512
27.4170, 95.7112
0.2959, -174.5417
-1.2570, 83.7573
61.3700, -18.7108
25.7216, 11.8688
-52.4638, -104.1061
8.6053, 134.3168
2.1362, 11.6539
-17.8543, -124.8541
-71.6368, -10.2002
10.6481, 13.2175
78.4713, 27.2784
-69.1742, -122.8171
-64.2243, -80.9028
-26.8204, 42.6065
73.3533, -154.9562
14.7578, -126.2539
68.8272, -3.5004
49.9867, -54.6428
-5.2376, -76.6262
-51.0007, -77.3537
5.4198, 74.5684
-19.1883, -10.2157
8.1595, -120.0002
-61.1648, 47.5107
48.4974, -97.1096
66.5801, -39.9056
-7.6173, 73.0713
84.1786, 17.5035
86.3428, -92.1494
27.2221, -75.9997
-86.7842, 49.0895
33.2320, -153.5076
-78.1768, 147.8878
19.5369, -157.0472
41.8504, 107.3454
80.5152, -115.1292
25.4727, -55.5001
19.6173, 73.1919
-79.7251, -26.6745
-66.1540, 170.2133
72.8566, 110.5906
-25.5850, -108.7122
-53.0799, -92.9253
81.5797, 117.0428
89.5867, 131.9613
-38.4437, -60.8540
29.3066, -137.9393
-62.8819, -36.5317
59.0138, -48.7444
-22.3510, -9.0372
71.9564, 144.0116
39.2086, 88.3459
-49.0853, 39.6835
63.6016, 159.5233
-21.2158, 169.9792
50.1302, 107.6097
-65.7441, 24.4570
20.1484, -74.8328
61.6103, -27.4117
35.2389, -4.9254
51.1225, -59.1484
-31.1273, 124.6816
-46.1741, 168.2873
-86.6643, 43.8986
15.9284, 114.7330
59.3185, -168.1769
10.7232, -17.4866
88.9600, 142.4870
-7.5446, -54.4849
-75.5823, 26.2461
-44.7101, -161.9849
-65.2040, 42.0362
68.6158, 33.7441
-0.8552, 20.0449
29.7935, 166.9958
24.1793, -100.2817
28.6636, 100.6632
71.0550, -166.6281
37.5686, -46.3813
-65.1832, 64.4218
21.5115, -120.5250
-25.6551, -67.0564
58.0404, -16.3213
86.2913, -71.8722
-49.1091, -93.7409
15.9970, -121.0589
-1.2664, -113.4347
79.2075, -153.4877
-14.5746, 106.9010
49.0317, 90.3309
80.6245, -24.2069
27.8310, -72.7662
55.7238, -19.3187
69.8650, -126.1548
-2.4379, -13.6593
53.9084, 37.5565
-15.0051, -30.3604
67.7407, 18.5216
-3.9411, 24.4716
-37.4487, 70.9829
-53.7944, 72.1867
30.8492, 72.4207
15.7977, -52.0868
-62.9377, 8.0048
-55.0894, -70.1137
59.4798, 75.8405
15.8050, 63.9915
48.4414, -66.5360
-1.7187, 162.0994
30.1032, 99.8296
19.5037, -15.1414
52.6867, 12.1877
-46.2002, -32.0642
33.0359, -69.9911
40.8140, 134.5626
-41.2198, 144.5387
88.7761, -71.7136
-50.3231, -71.2604
65.9189, -5.6118
-29.4812, 120.1989
40.1714, -167.8662
25.0869, 50.9196
78.9606, -151.7975
-73.6784, 72.8413
5.9147, -71.9347
-19.3648, -75.0535
6.7877, -164.2288
79.9014, 103.8288
-82.6372, 170.1156
-81.4922, 44.6485
28.7056, -149.5951
43.2021, 86.5223
8.5019, -76.5859
81.3507, 117.1712
76.9445, -173.4873
-1.8539, -161.5122
-51.0657, 93.6259
-80.2391, -158.5536
-25.0202, -127.1688
-7.6296, 50.5461
-68.6955, -9.9663
-17.2340, -53.9883
73.5253, -65.4993
-64.3889, -98.3877
-65.9145, 74.8137
-8.8170, -65.1748
28.1936, -82.6210
-80.3868, -116.6750
47.5562, 81.6609
34.1583, -123.4957
-78.5845, -31.8286
6.5081, -21.7755
51.9148, -164.4067
41.9256, -127.0750
18.9427, -126.7762
50.3084, -119.0871
-51.3171, -2.6793
-55.2888, 72.2129
82.6388, -31.8598
-44.4652, 57.1309
-71.0262, -98.8631
-45.2366, -36.4244
40.6897, -19.6212
15.9213, -14.2367
-7.3351, 64.6452
17.7304, 143.7475
51.2920, 23.8037
-8.5921, -155.1803
51.0232, 33.5892
6.6164, 172.9303
-65.8856, -61.4651
-64.3298, -60.2398
-47.7035, -38.3930
-67.4759, -171.4500
-25.6101, 111.6923
54.4659, -109.9307
15.4117, 146.5304
-35.4117, -94.5814
65.9890, -155.7862
17.0470, 177.2215
10.2826, 139.5674
23.4649, -7.1296
-70.8730, -31.5298
-64.2204, 114.7302
78.6554, 170.9873
-44.2931, 47.4978
-20.2465, 105.5567
21.9322, 127.1228
39.7864, -9.2467
44.6350, -13.6251
48.8246, -48.4083
7.3937, -5.9576
-0.1029, 146.0515
60.1287, -106.2249
-44.8952, -46.7805
-68.5056, -68.2023
47.1373, 19.8689
-16.3138, 38.4473
-15.9289, 108.7464
83.7759, 29.7837
-59.8938, 34.9498
69.3022, 131.4947
-41.8644, 20.6543
-49.9387, -158.2394
44.4920, 176.4153
17.0957, 57.3780
56.5106, 145.3044
-21.6260, -26.9854
-49.7143, 93.1135
-32.7387, 20.1625
-49.5168, -7.3464
30.5488, 118.2790
67.7990, 42.5526
12.9270, -112.6036
60.7527, -20.4396
51.9891, -147.0295
60.7960, 115.2198
45.1801, 44.9546
45.1880, 76.4400
-30.9237, -84.3343
-5.8064, 71.3282
-54.5831, -107.8075
13.0528, 71.7059
-77.3532, -114.0163
-78.4097, -46.9773
77.3806, 113.4239
-49.3825, 15.6136
44.6716, -83.4842
-1.4759, -68.3136
-10.3117, -57.4271
55.9504, -3.1741
13.4977, 93.9664
12.5453, -135.5304
62.3451, 156.9924
87.7507, -7.4857
-37.6625, -33.0618
63.5834, -150.3145
71.0473, -63.4000
55.8989, -130.8187
-7.8272, 19.2515
-0.8127, -2.3148
26.4690, -167.9937
-71.8709, -66.8607
6.7792, -49.4079
75.5402, -108.4953
-88.7328, -5.0336
29.8957, 123.6999
84.6627, 92.0042
85.3921, 3.6112
-4.1115, -100.8102
9.8481, -102.2015
-57.1749, -165.6041
19.1679, -81.6378
-37.9487, 150.1803
-46.2074, 49.9222
47.9839, -95.8253
47.2448, 147.9143
12.3690, -97.7899
-42.2282, -126.3354
55.1628, -128.3868
48.3583, 93.6844
-33.1953, -81.2107
-28.2624, -57.5465
-59.3557, 3.1507
51.5961, -139.6455
-36.3694, 4.6057
-46.0208, -153.4562
-75.0720, 10.7399
54.3641, -117.0839
56.1617, -7.8328
73.4629, 108.5145
-44.1153, 47.7763
41.6627, -18.7193
-11.6491, 82.6909
86.1241, 85.0499
85.2008, -154.6637
45.2108, -168.5728
87.2756, 69.3071
49.4539, 64.3642
-19.0370, -129.1780
-29.3822, -95.2774
-18.5212, -51.1200
-43.9522, -156.9381
-15.6816, -47.8300
27.8593, 153.8494
72.0904, 28.0900
38.1413, -79.8364
62.4039, -150.6155
-89.3079, -37.2559
39.0499, -40.5722
-88.0055, 174.6814
70.9713, 89.6068
-36.0078, -126.4720
52.3449, -166.2179
37.3572, -69.7191
37.0896, -136.1019
23.1791, -77.5773
12.7385, -169.2818
-26.3586, 77.9461
-85.2713, -29.0717
-36.6167, -43.8485
-11.0950, 117.8111
-60.4134, 90.3053
-57.9887, -109.7583
54.6157, -77.3431
-41.7488, 120.5035
55.5654, -6.7927
-36.8805, 148.3680
1.4772, 108.6755
45.3233, 62.2411
-43.3486, 91.1525
-1.5999, 142.8841
-21.6429, -123.2047
-24.4580, 20.3553
-60.8930, -143.6264
-69.8592, 152.9296
-50.8711, 77.2665
-33.9363, -116.6954
-5.2742, -19.6940
-53.9609, -19.1573
12.7371, 118.8538
-49.7921, 145.4192
50.4757, -115.0476
15.7323, -80.4001
80.0880, -133.7738
-9.8426, 151.5843
87.4502, -14.9620
-53.2167, -138.0642
-61.2440, 129.8688
56.8548, -28.5671
-5.4579, -157.5763
-12.4937, -134.3898
67.6159, -43.9132
-25.7666, 77.8806
82.2462, 46.4624
65.2404, 158.0989
80.0160, 19.9024
89.3402, -102.2626
23.8046, 175.6281
-1.4551, 17.1839
-53.6220, 136.6416
7.6128, -89.7663
-83.2717, -85.1636
-12.5649, -124.3176
2.3900, 115.1597
-59.2956, 114.0414
-25.4140, 102.7716
80.0767, 107.1030
-6.1667, 100.3625
57.1610, -69.2819
-22.0716, -51.7015
-52.1146, -31.6059
-88.5495, 5.8180
63.7976, -106.6366
-59.0951, 152.7058
-6.0497, -65.4730
12.0673, -106.5948
52.5060, 111.0273
25.9487, 14.4660
-86.9107, -172.3543
13.3141, 88.1235
-65.4373, 48.8062
49.5001, 132.0944
55.9537, 79.5959
87.8837, 31.1658
-44.6661, 99.1361
-49.0738, 109.1653
-50.0076, -67.7507
24.2094, -86.9866
-70.9347, -176.4979
0.3299, 64.1204
67.0421, -142.0241
85.9842, 112.4463
30.7974, 162.0816
89.2376, -77.0995
-21.3958, -120.1526
43.1985, -177.4633
58.9501, 62.3907
11.9797, -25.8723
41.9076, 144.1930
69.3277, -156.3527
30.2294, -106.3438
31.3276, -130.4525
-75.6532, -97.3727
-22.2194, -94.0156
26.5491, 81.3787
36.5537, 36.2879
39.2090, 167.6344
8.1279, -74.5974
56.8658, 100.2004
-2.0301, -40.8712
-0.2824, 12.5576
80.1927, 64.1600
-58.7604, -110.1318
74.4152, 110.1411
24.0602, 119.6594
53.7172, -140.4992
-11.7322, 38.2701
-75.3977, 179.2293
-60.8766, -137.8609
27.7026, 138.2011
-3.4079, 10.4935
88.7430, 21.5805
53.5206, -36.5042
-67.4302, 42.7743
70.0160, -122.6992
-87.2097, -85.4990
42.5917, -153.6559
57.0451, -90.6411
-77.4074, 79.6621
0.8124, 113.4326
-89.2634, 2.3178
59.3619, 58.8369
54.2205, 20.4862
60.4450, 158.9614
79.2400, -41.8834
-35.8272, 56.1567
25.8480, 46.1615
-14.5679, -151.4451
46.7958, -65.0508
-13.6879, 151.2815
-10.5540, 34.4703
-71.4611, 105.6188
89.0002, -26.5793
21.0007, -69.4133
14.4970, -128.8254
16.4741, 126.5434
-36.7164, 131.9460
5.3413, 53.1399
-84.9679, 149.0883
68.0928, 138.7568
82.3637, 16.7858
75.4935, -33.8831
0.4323, -2.0469
51.3389, -77.7075
66.1567, -115.8529
32.4682, -3.2491
75.0500, -149.9343
24.3371, 41.2193
81.2754, 173.2030
-21.0791, 22.6959
-62.2432, -176.3328
-83.4695, 47.1104
31.0323, 50.2664
-19.6221, 12.9049
58.8462, 112.7087
29.5610, 94.2011
-45.7924, 57.5684
-79.6401, -37.9849
-16.0669, 41.4241
72.5311, -99.0334
29.4140, -100.2824
-77.5017, 172.9346
-66.6720, -167.1800
-89.1590, -6.1490
-12.1423, 12.4323
4.8810, 11.7818
53.4923, 52.3717
-79.6173, -83.8065
82.2185, -17.2117
-67.6360, 68.6118
-52.8373, -106.3316
-11.1514, -26.6935
26.0677, 160.9699
17.8209, 72.7673
-61.0612, -116.4728
-21.2590, -148.9518
68.3625, -34.5543
-42.7045, -160.4274
-56.4112, -115.8081
-64.4310, 174.3661
3.9145, -63.3258
74.1332, -37.1448
-26.6761, 29.6226
28.1029, -171.9364
11.8376, -64.8669
-55.9984, -157.2217
-37.3258, -34.8386
-52.6074, -75.2896
79.7172, -27.9604
86.7800, -30.9506
-24.0619, -10.6352
55.7830, 164.1351
-9.5118, 174.4377
32.8933, 28.8898
27.9199, -136.8353
20.1418, -175.5401
-58.5820, 75.4453
-59.8012, -27.9852
-2.5866, 156.3121
44.1198, -159.2909
72.6765, -150.8049
10.0847, 97.8925
55.4820, 39.1906
67.5830, -134.7374
25.1991, -121.8630
59.9607, -34.5044
-73.4585, -99.3948
72.2787, -147.7781
26.6109, 65.6134
-22.2007, 116.4984
9.7983, -109.8561
-20.0583, 27.3522
52.9434, 131.0236
-26.4322, 165.8965
-57.5981, -9.8840
21.3228, 75.3427
40.8448, 117.5430
17.3989, 109.0894
-15.7556, -179.5342
55.1975, -70.8689
-35.4389, 47.0699
16.2052, 20.9945
-12.6196, 111.8024
-80.4757, -135.4549
-30.7779, 117.2285
86.0427, 121.6496
56.4796, 87.5207
64.3520, 156.5649
-61.0271, 159.8852
72.5134, -64.8390
-25.5185, 127.7249
14.8618, -62.1463
0.5502, -101.0032
-57.4574, -62.0305
-71.1736, -149.1906
-76.9974, -33.9698
-11.2834, -118.4031
-12.4879, -38.5446
20.6196, 61.8246
-71.6101, 130.9053
4.9350, 8.2663
36.9548, -104.9085
-11.7256, 79.9762
51.3748, -177.9483
-81.1566, 100.1615
-48.5517, -61.3875
53.6414, -178.2337
-39.2258, -95.6419
-62.2800, -160.2589
16.2650, -147.5675
-0.2023, 35.9178
-6.9845, 83.9130
-29.6866, -41.0379
43.6446, 93.9420
23.3039, -120.4517
32.4396, -49.4813
-47.8327, 154.4742
4.0721, -75.0333
-88.9208, 98.5468
44.7800, 161.6167
89.3400, -144.1235
2.9875, 18.3662
53.5431, -135.7639
-76.9361, -6.7709
-35.1252, 135.4720
31.0773, -101.7324
13.7375, 161.9454
-36.3071, -90.4719
-39.3027, -53.3984
-81.0006, 101.0982
57.3184, -111.5236
50.7598, 7.1014
49.4453, -172.2339
-82.0072, -18.4040
-62.5553, 108.0045
11.7575, 79.2803
-39.1432, 62.1460
-4.2022, 127.8132
-14.9604, -17.3113
-8.9954, 95.7349
-88.4815, -174.0410
-71.3737, -38.2577
64.7756, -156.9755
-81.2793, 6.2041
-56.7433, -71.7561
71.4235, 6.0927
-78.3463, 154.4691
-54.4041, 170.7492
84.7756, -71.7817
-9.2872, 59.1803
51.3783, 114.8735
37.9273, -89.0785
-54.9523, -112.5472
71.2773, -61.2712
22.3763, -178.3023
-27.1201, 8.1611
-43.5544, 167.6248
-5.6797, -139.3482
43.1412, -141.1794
-87.4577, -10.7432
-59.8736, -156.5042
60.4192, 38.7390
-16.5729, -131.8953
20.3577, 79.3670
-7.9701, 50.1275
58.9330, -16.8407
30.6453, 102.0193
-59.5115, 168.2114
-56.2661, -116.5312
18.6206, -141.9028
-21.4891, -67.9047
18.3102, -75.7189
-15.3634, -133.5792
45.3921, -73.5407
-31.2495, 174.8146
-75.2485, -108.2771
50.6894, -93.0878
-49.4208, -10.9172
42.4322, 127.1042
47.6315, 64.3691
1.0973, 74.1752
64.1351, -125.7725
79.6097, -152.3421
-26.7919, 10.2562
-53.9339, 150.3893
67.3587, 131.1684
-47.9966, -78.4788
37.1022, 80.0097
62.6957, 26.1731
-32.3166, -77.7566
-57.4047, -56.3650
-1.9413, -142.7025
-75.4555, -169.8607
69.4904, 58.5188
-69.0537, 31.9522
-51.5795, 164.4932
-9.0135, -170.3846
56.9913, 150.0652
-16.9470, 93.3083
-67.8925, -81.6091
-33.3177, 177.1427
7.2930, -57.8304
43.0734, 168.2885
-78.7986, -71.9710
60.6194, -137.6127
47.3434, 106.2706
-44.4166, 173.8123
-60.8885, 152.2290
-29.4113, 106.3456
47.5611, -6.7643
-5.1911, 68.1116
6.7823, -23.6444
-56.2344, 93.3501
-45.6378, -8.6114
-89.8034, 40.5839
-89.6484, -94.3318
-75.2884, 133.6109
17.7124, -7.1707
-19.8138, 100.2861
50.4692, -103.2422
-65.8956, -141.9868
-41.4195, -70.8572
38.2183, -53.2923
26.3721, 76.9060
-31.2373, -92.1585
21.1132, -170.1985
-60.2878, -176.7419
-61.3023, -69.1586
68.7696, 32.1170
-59.9053, 132.9252
-28.4241, -22.5483
-34.8707, 33.7211
60.1048, 172.8598
13.8244, 172.1850
-51.4934, -4.6087
-33.5747, -166.8775
-8.1630, 77.8176
62.3853, 11.0435
-54.9623, 19.2834
-49.2319, -30.7576
20.6645, 23.2413
-67.3819, -12.0248
7.6257, 143.2659
82.4545, -30.8836
74.8672, -120.9258
44.2247, 60.0753
66.7900, 154.6259
87.3029, 10.5696
38.7959, -141.3710
-59.2791, 100.4435
-1.2308, 173.8508
-46.7841, 8.0363
-28.0504, 140.3490
-52.2821, 35.5965
44.6631, -61.3868
-32.3350, -68.9335
-60.3690, 173.6872
-84.6280, 117.5047
88.5886, -7.7475
-9.5566, -116.3272
31.5983, 15.4955
11.4180, 18.1956
-57.9297, -97.5934
32.9474, -10.9158
11.4262, 144.9588
25.4375, 118.5940
-60.7699, 168.0134
-88.9084, 28.0372
25.6567, -117.2145
-50.3041, 3.3977
86.4258, -177.9024
-31.7076, 70.6676
64.9065, -77.9471
-22.0603, -31.6819
86.2202, -29.1094
-65.7501, -128.0350
63.6728, -38.3125
60.5051, 43.0848
-14.6162, 88.1257
-70.7861, 46.7493
74.2125, -60.7156
-22.4006, -94.8145
20.1087, 170.5575
-47.1918, 49.8600
81.0486, -127.1965
9.5044, -0.1979
-28.0807, -92.0888
-28.1485, 120.7516
16.8198, 40.9470
-2.8537, 85.0364
71.4665, -69.5243
32.8712, 75.1767
-44.2140, 143.0706
5.2312, 40.4324
9.2632, -5.8401
-77.9156, 104.9827
50.5964, -97.5967
59.6314, -146.2904
26.0280, 71.6731
-67.4044, 49.3395
73.2062, 121.9236
63.0837, -32.4739
25.3707, 100.3114
75.0666, -163.0790
61.8258, 108.0930
75.8934, -179.3790
25.3217, -104.4119
-55.7738, -23.4903
-46.5367, -55.6909
52.7644, 40.5323
39.0295, 161.7040
22.3480, -151.0901
-8.5330, -49.3565
-71.1224, -152.7805
35.1303, 0.1766
43.1030, -84.7160
53.7352, 14.4797
89.4526, 44.4431
-35.2121, 64.5469
74.6651, -140.5325
-49.1928, 59.1542
-36.3923, 129.8937
21.4977, 170.4898
21.7909, 120.1400
-20.7330, 111.7585
-46.5560, 104.6034
87.9768, 61.1898
-67.8906, 35.3860
3.8174, 107.0570
79.4481, 104.1445
14.9936, -27.8377
38.2980, 33.5761
31.9263, -53.5551
-19.0525, -62.4385
75.9819, -172.4899
0.0554, 19.7119
-53.0788, -1.0331
-60.9491, 100.6881
53.6648, 29.6567
-13.6187, 34.8693
-33.6630, 50.9371
-23.4784, 7.2555
-22.7282, -9.8869
19.7848, 13.5414
52.1984, 84.5907
-20.2540, -179.5430
-48.8579, 57.6015
20.2352, -153.5596
7.5958, 44.9736
-3.0020, -51.6146
74.3365, -156.2498
49.0005, -93.8457
3.8033, 41.3988
1.1002, -92.4921
84.1201, 121.3048
-14.7876, 111.4462
-55.2248, 68.3519
52.2078, 121.4727
5.5333, 80.6290
64.0372, -0.3965
41.7313, 175.1740
83.6483, 111.9579
-75.5946, -5.6679
-20.4917, -5.1154
41.1192, -135.5946
88.1072, 27.6662
29.9891, 27.0701
64.3149, 15.0265
-36.5647, 171.6066
-88.3743, 1.3546
17.9170, -83.6632
62.2412, 149.5746
55.5374, 2.3299
25.4139, -118.2549
15.9288, 169.8126
-52.1074, -56.9003
-43.2436, -88.2655
19.3438, 79.8279
-71.1366, 78.5780
-56.0900, 63.8730
-47.8746, -132.2161
56.8849, 37.8592
62.8368, -178.3649
-25.5922, -67.3025
-57.4622, 53.4172
-58.8149, -61.4818
58.7381, -28.9463
-24.6224, 105.1981
-47.0811, -40.0473
49.9926, -97.6352
31.3100, -0.2609
9.8358, -78.4050
31.8241, -104.5142
-7.7587, -77.7691
-71.7266, -66.6261
86.3608, -112.0590
-79.3620, 30.5827
-30.1304, 65.9057
-71.1265, -12.2730
65.1393, 25.8709
-51.5942, 154.7728
66.4832, 84.5606
42.1703, -90.8930
-53.7554, -160.9033
-19.0291, -154.6643
89.8296, 112.4027
64.8864, -97.9417
55.2767, 6.4782
-38.7887, 119.7796
-59.5157, 7.0978
16.8799, 46.5632
72.1144, 43.0251
-84.3879, 10.3718
88.2952, 100.8439
10.1737, 12.4791
74.5203, 76.5877
-73.0849, -3.3357
20.7551, -28.0786
45.4926, -91.4388
49.0804, -60.3513
46.6459, 164.7069
8.6459, 75.3892
71.3778, 80.4392
-40.2023, 5.5197
-41.1851, -83.0040
49.8587, 118.6703
-54.4154, 38.8772
31.8061, 18.6172
33.9872, 113.2577
62.6002, 96.0238
-85.9431, -58.5840
79.9620, -28.0904
-66.9508, 17.5240
65.7939, 107.2534
-89.9274, 75.5588
37.7194, -39.8061
40.4397, 131.0900
77.5305, 109.0145
44.5903, 147.4339
40.0914, 52.0491
-83.8841, -133.9285
-1.4335, -27.6733
-76.8608, 19.2912
17.8779, -158.2863
76.4566, 90.9026
33.0546, -137.9121
64.9645, 31.7541
86.0227, -174.4464
47.6736, 1.6282
81.8512, -47.0146
0.6972, -63.3063
74.6732, 55.5152
-70.5957, 47.5283
-4.9124, -59.4189
-86.1355, 110.4451
-55.2145, -173.0785
-39.3240, -19.1881
-59.1587, 111.1924
84.4264, -156.7658
82.1387, 36.3242
76.0292, 16.9448
-56.4041, -35.5795
31.8552, 13.4292
54.8602, 167.9017
24.1170, -177.5111
-65.9749, 116.5781
89.5476, -62.1115
64.0280, -20.2011
-1.2851, -107.2322
17.7781, 122.0427
86.7955, 88.5815
74.0573, 77.5264
-54.3578, 50.1609
54.8135, -144.2529
-33.6691, -77.8882
5.0045, 164.4914
-7.6511, -37.0380
-8.3808, -90.9888
-46.2161, 125.6584
-79.4884, -104.4119
-45.7788, 135.5845
-14.2261, -2.2957
-28.1577, -38.8587
39.0894, -113.8646
-24.8330, -35.8218
-15.1576, 178.7993
20.9055, -72.9996
82.2976, 7.3986
-42.1793, 86.2588
-2.7816, -146.0150
-61.2344, -149.7509
45.5851, -148.3953
-72.1789, 3.7488
37.0546, -127.8846
-88.9370, -154.4599
29.6651, 51.5111
-77.5861, 66.0612
-38.3999, -51.8829
-80.4958, 64.4478
15.0287, 91.4067
-36.9544, 70.0225
58.2104, 109.1794
40.7679, -112.2561
-45.1171, -156.3567
4.7420, 178.0717
-45.0152, -83.9965
5.6656, -73.4962
-39.1798, -67.0804
30.1797, -176.9529
-33.7945, -28.8354
-79.9278, -63.4592
42.6322, 70.5870
0.0824, -93.1904
-88.0074, 118.2999
73.8036, 88.3371
64.4161, 110.5157
0.0197, -71.8042
73.9239, -154.8051
-8.7228, 20.0751
15.3246, 146.6210
15.5449, -9.0623
-73.0471, 93.8360
-33.6945, -85.7182
72.1071, -179.2495
-25.0568, -40.2306
41.4135, 4.5205
-77.2423, 151.7926
36.2064, -57.3414
-7.5053, -62.0976
-24.2210, -93.7503
-61.0939, -30.7715
-69.6545, 112.6693
6.8782, 2.8434
-39.1423, 112.5052
10.0033, 74.9214
53.9235, 164.8321
4.1137, 121.7036
41.0779, 47.9599
82.9743, 140.7448
-20.9623, -3.9411
76.4791, 29.4891
-51.7311, -139.9906
28.7395, 167.4193
56.6378, 26.5180
-78.9155, -58.9289
79.0187, -41.7106
-76.4481, -2.9486
38.7110, -177.7011
40.1064, 37.5289
52.9275, 168.9880
-65.2007, 23.0040
-11.9642, -129.2250
-63.5527, -76.0124
45.9766, 20.4972
-86.3585, -177.0670
0.7794, 10.0845
49.4263, 67.1054
-44.3957, -48.4251
32.9219, -69.1794
84.9533, -72.2578
-31.6321, 50.4958
7.9755, 27.5190
-73.3763, 176.8703
-88.8834, -102.1960
-36.8073, 87.0631
88.8973, -123.6404
86.0534, 72.6558
-71.6059, -151.9999
-81.4930, -140.6955
-15.9315, -5.5235
-29.2385, -14.4343
17.1528, -90.1255
74.6886, 47.5752
73.4383, -71.0942
78.6416, -129.6110
8.9555, 102.6557
66.1768, 7.4460
-34.7217, 60.6242
60.7674, 143.9551
-51.8445, -140.1405
46.0661, -118.7181
8.4928, 160.4783
82.6831, 106.1531
-65.5424, -25.4950
-82.2969, -48.9145
-59.0884, 119.3678
-11.7240, -110.4953
41.1843, 63.1258
30.7373, 68.2023
-50.0096, -120.5290
43.9101, -51.0192
81.4097, -102.5884
-18.4457, 61.2621
40.3825, 63.8196
86.4834, -152.2165
-17.2369, 14.3883
-23.3781, -108.2540
10.1262, -141.8919
89.4859, -22.0932
87.5430, -82.7504
-2.8928, 123.8229
-87.5975, -15.0883
22.4742, -64.4573
54.3747, 131.1101
27.0248, 24.9867
-88.6847, 102.3180
-30.1616, 173.5435
62.9766, 125.2325
-67.0135, -150.3023
-80.9841, -16.0541
74.7730, -109.2682
-78.6757, -172.3878
-77.7029, -83.4254
49.3297, 2.7710
-41.1746, 94.0875
-40.8763, -37.7083
-61.5040, 87.1764
33.4608, 118.1658
-89.2458, 45.4730
-7.8074, -173.3926
-28.9689, 15.0970
12.4818, 154.3428
-10.9608, 167.1448
64.7983, 137.2089
9.0840, 123.8069
-75.6163, 95.4796
17.7886, -53.4874
-78.5973, -100.5196
65.6921, 29.0218
-56.3297, 108.0590
-36.8481, 82.7370
-72.2691, 178.1242
26.5846, 77.9129
75.8563, -71.8122
25.7758, -171.3909
0.4879, -66.4841
52.2021, 147.4151
-87.6886, -170.0223
-80.3982, 75.0598
-78.8969, -142.6282
-9.0473, 7.0869
-65.0935, -173.7278
-16.3100, 57.3984
-57.2059, 12.6947
-27.2940, -127.0948
-65.3762, 11.1002
-22.0687, -78.1005
-49.1142, -58.3687
-1.2378, 11.3767
36.4832, 156.8705
-26.4142, -138.7308
-13.3066, -109.7413
-19.7054, 164.0737
-21.2972, -16.3156
-34.6639, 65.1361
9.4031, 76.4154
46.1059, -159.8927
-33.1796, 37.2842
39.5239, 113.7896
9.9525, 30.3853
-7.3906, 149.9436
-14.2253, -82.2076
-57.1279, 137.7406
66.5831, -103.8163
-6.9454, 93.0709
13.0030, -172.7969
16.3919, 173.4673
3.0799, -32.3881
14.1277, -4.6729
-36.5456, -118.8721
22.2762, 153.0299
-58.4868, -14.8539
-11.4981, -131.6609
-8.3206, -142.8615
-67.9678, -56.2330
-51.5920, 130.3004
16.1987, -84.7651
88.8377, -104.5168
-76.5772, 121.4202
27.8727, 54.2061
5.9360, -51.2133
-68.7997, 179.1569
-9.5615, -143.2941
2.8198, 41.9528
58.8214, -28.2626
71.6719, 82.7830
47.7889, -49.3771
86.7839, -102.7856
-30.3547, 28.5579
-2.0080, 19.0972
26.5739, -78.1579
60.7918, -35.6623
-12.0185, 41.7184
-20.0098, 8.4860
38.4455, 41.4562
63.3348, 92.1099
-43.5184, 41.1416
-22.1679, 35.7456
-34.8291, -168.8312
-43.9120, 165.3217
35.3777, 145.0859
23.7837, 81.4309
68.1632, -11.9878
61.8905, 53.8426
66.8177, 108.8966
55.0889, -23.7427
-77.0324, 68.2978
-78.7381, -61.9118
83.1479, -5.2238
68.9987, -83.0634
-73.6010, 176.9326
17.2660, -85.7672
-80.4947, 89.7776
-23.9276, -152.7563
33.9872, -153.4565
-58.1498, -122.6774
-19.6428, 8.8509
-1.6984, -29.8510
-69.6948, -71.1560
-51.2156, 156.1732
47.1156, 4.8895
-35.9306, 43.2426
-41.3067, -53.7608
-53.0954, -173.9410
49.6518, 75.6244
-26.7974, 118.9982
79.5440, 103.2137
-29.3908, -20.0182
2.4687, 123.4617
-62.4122, -135.7765
-63.0975, 116.7213
-31.3094, 163.6008
-56.4124, 118.3103
32.5605, -47.2413
-84.4984, -58.4653
-48.7870, -87.2938
-9.5459, 169.4229
-4.6379, -13.5245
69.3627, 30.3728
16.6712, -70.6648
-54.6184, -93.0693
31.1682, -13.1542
24.4689, -59.7013
44.5043, -43.7595
49.0705, 99.9006
-15.3858, 109.7724
-71.1121, -144.7500
17.5465, -43.3335
18.0520, -145.0678
60.9945, -106.6541
49.3465, 137.0063
7.8176, 161.7236
59.6906, -74.2686
67.6533, -54.8800
2.8400, -52.5272
15.0337, -38.3015
-53.1132, 155.6702
59.1837, 162.5233
-31.7070, 64.7355
-28.2136, -99.5297
-47.3171, 150.2623
-12.7236, 98.2141
11.5441, 61.7660
-40.7261, -18.3511
-54.5242, -52.8742
-60.3287, 64.4492
50.1297, 26.8936
-49.2275, -177.0887
83.9533, -64.3766
84.0529, 170.7843
-26.3222, -113.6899
44.4466, 57.1407
81.8463, -26.0319
66.1435, 42.0049
-1.4102, -133.0742
84.6121, 93.5138
72.7483, -43.0579
-64.4099, -161.0238
4.9952, -24.2412
71.2278, -58.5053
18.6576, 4.9352
-39.6871, -126.5107
-54.2245, 56.0869
47.6857, -57.7623
-4.7801, 26.5443
-18.7506, -95.0716
-74.5710, 177.6780
36.1338, -60.5228
33.5121, 74.8403
41.2141, 175.4378
39.1781, -171.5220
89.7168, -66.8497
-24.0821, 112.5012
78.6852, -23.4217
-8.9442, 30.1830
-77.0780, 165.7979
55.7205, -23.3020
-15.5261, 98.4960
50.1841, -155.4439
-88.1284, -177.1233
-38.4107, 171.0512
50.5784, -69.7969
-71.4095, -133.7074
28.1422, -16.1170
31.1427, -29.5556
33.0196, -56.7969
-52.2240, 142.7758
-30.5232, -126.5182
45.2743, -32.3274
-51.9206, -60.1767
6.5611, 164.2518
53.9961, -92.5820
38.4858, 52.2490
13.5725, 12.5581
73.9795, 107.0648
60.9256, 129.1669
27.1737, 76.0398
-52.2110, -83.0739
43.2243, -139.6290
-36.0377, -171.5460
-68.0765, -173.5702
49.3818, 75.3562
4.5291, 68.9324
-26.8388, 149.3192
-19.6335, 175.3344
-65.5400, -100.2123
69.1020, 143.2301
-34.8305, 118.2457
73.4290, -167.8525
-84.1791, -30.5107
32.8109, 102.5825
-57.3649, -53.3585
19.5880, 90.5457
-16.0340, 134.1910
1.8741, -153.2457
-13.3289, 39.1601
-51.2977, 60.3544
-80.8863, 169.1898
72.0799, 26.1655
-84.6414, 86.2972
65.7408, -97.3609
-82.2896, -49.5866
-83.4752, 76.6284
49.0147, 37.5677
-50.8076, 60.7332
42.1854, -54.5317
-2.7574, -160.0119
10.8520, -119.6041
-33.3916, -50.7661
79.2091, 86.0468
-64.8127, -138.8412
85.5899, -16.1201
13.4528, -68.2693
80.7804, -113.7124
47.7957, 127.9967
-50.3795, -33.2640
-81.9274, -42.8600
50.5595, -135.5666
-74.5103, -0.0668
-63.2248, -98.5186
-4.7659, 105.9302
46.8905, 0.1535
57.7963, 26.9988
-24.9983, -23.1408
-61.4171, -135.3530
-84.5150, -3.6960
-82.9828, 179.6033
82.2929, 144.7800
59.8667, 151.5637
-27.2524, 152.3010
-81.0602, -166.7758
45.9650, 170.3877
53.9421, 171.9376
-54.1252, -19.5534
73.6369, 160.4999
-23.2680, 168.0797
6.7022, -53.0734
-46.7104, -82.5759
16.7371, 26.5096
-81.4893, -69.7809
13.0577, 119.7377
-53.8460, 66.0356
51.6909, 39.9124
76.6526, 149.8218
-15.7168, 57.4514
85.3815, 149.4751
-66.4001, -179.4134
-17.4952, -29.2505
34.9653, -11.3178
37.5645, -61.2850
62.7297, -138.5300
-72.7730, 90.7463
39.3219, 48.1621
-88.0504, -176.5590
6.4289, -9.2881
72.5317, -62.4701
-9.1690, -113.0685
85.2487, -27.5341
65.4159, 56.0052
14.0346, -64.2414
20.6013, -101.7833
38.8838, 98.9875
-2.6105, 40.6678
82.5605, -53.9866
14.4223, -35.6371
-61.2762, 61.3642
36.8612, 176.7192
53.8504, -89.1734
-24.6522, 65.2674
-86.8963, -157.8949
-46.7768, 54.0647
-24.8572, 55.9693
78.3508, -31.4874
-20.2354, 121.1536
78.2115, 57.0279
13.9941, 125.0213
44.1102, 33.3385
87.5136, -104.2447
-4.3461, 132.6005
-62.9113, -18.3252
-47.0188, -90.1809
-33.2958, -11.1752
31.8475, -170.6014
49.0900, -24.6678
54.7632, 148.1794
54.2714, 64.4559
58.8572, -3.0624
-5.5598, -70.2582
-26.4436, -117.0882
47.9707, -160.9658
82.0513, 54.8102
57.3784, -95.6112
-53.7661, -108.0630
-46.0862, 27.0106
37.7543, -129.1841
-41.8943, -71.0192
40.4565, 69.7770
-60.2511, 47.3868
9.5032, 172.0082
-29.8537, -8.7367
-76.2628, -162.7622
-32.1355, -148.0269
-84.1339, 28.4883
48.4174, 67.5063
87.0158, -105.3832
-12.0825, 120.9203
13.1258, 138.5573
38.8230, 50.4134
20.2290, -85.3524
-46.5011, -141.7152
-40.1634, -121.1439
-38.3955, 52.1174
75.7878, -92.4402
55.3047, -105.2055
58.1159, -29.1528
83.0940, 10.2718
-88.6196, -166.6284
-41.8466, -77.7621
50.8813, -57.3764
86.0685, -84.1486
-4.6115, -98.6647
-64.6875, 4.0372
15.9236, -109.0623
-79.5037, -126.4207
85.5109, 42.9583
19.9782, 150.8349
-46.0768, 22.8542
-71.2532, -98.2736
-79.3274, 99.9289
-61.2245, 107.1562
-76.0513, -127.2425
71.8694, 8.7293
70.8629, -143.8440
16.8104, 68.0792
-68.7954, -92.6060
79.0904, 128.9551
-15.0506, -123.6185
65.2242, 98.8317
9.9295, -99.7123
44.1729, -159.7247
1.9845, 173.3704
-80.8167, 136.9346
-66.9638, 89.9283
-39.5845, -144.1436
-27.7051, -51.3665
-14.0938, -140.5073
71.1621, 132.1067
-58.6830, 176.9226
-61.3537, 70.3109
32.1499, -11.7020
-3.0654, -22.2162
-16.7616, 53.2847
67.2517, 159.9967
-66.8478, -34.9579
57.9603, -126.7456
12.1358, 38.4582
-50.5027, -133.7895
83.7061, 2.3871
-43.4185, -27.8846
-67.9339, 64.8793
-26.1025, -93.2587
-46.0558, -161.4010
-44.9380, 122.7244
17.5872, -67.7743
-50.7002, 66.7069
-11.5536, -139.8918
68.5534, 142.2796
87.4495, -20.8654
-11.3690, 110.2083
-67.8134, 98.5216
-64.7020, -142.1512
57.7626, 107.0733
85.9931, 125.7826
63.0698, -31.0376
-85.9797, 38.8322
4.3426, -10.6908
-11.5003, -2.0651
63.5741, -171.7289
66.6177, 135.1253
-74.7238, 46.3820
41.2414, -64.9502
26.9203, -137.1140
-80.5021, 21.3945
6.2085, -156.3649
-55.1261, 62.8298
30.4167, -94.5471
80.4388, -46.3198
17.1707, 52.9730
12.2237, -154.5459
6.1819, 151.3604
65.6242, 120.6992
86.2559, 108.9493
47.1638, 111.9628
32.2198, -136.1308
62.4337, -4.8490
-31.0682, -164.4315
15.9435, -152.8835
50.6103, -17.5165
68.9375, -39.1535
-69.5923, 8.8918
30.3656, -16.6555
69.6434, -23.8391
25.1409, 39.0572
-11.2439, 2.8133
56.8616, -25.7076
-11.4803, -145.1332
-72.7723, -40.9175
36.5849, -159.2926
-28.5711, -40.4759
24.2057, -165.5570
31.2464, 119.7241
64.0391, -0.7620
20.8805, 18.5125
-47.5949, -64.6155
-82.4998, 8.8041
-4.9244, -43.7740
41.3659, -92.0034
-19.4197, 131.0591
3.6354, -163.5360
82.8442, 124.8312
-54.3338, 152.4801
-71.4176, 63.0534
55.9186, 137.8761
-77.3176, -130.1415
10.0701, -90.6009
48.9570, 131.7043
57.0413, -86.9398
78.7989, -147.9143
61.1038, -144.8032
-65.1550, -1.8716
21.4343, -177.5574
48.3560, 43.6925
6.3061, -165.6164
17.8093, 61.9927
-6.8795, 8.5375
-63.4558, -6.1115
12.7525, -1.9122
49.1463, -34.9848
-83.8119, 82.4929
78.3977, 36.6794
-28.7582, -6.9115
29.5452, -77.4832
59.2832, -118.8282
-85.7675, 11.2324
35.9987, -66.3199
78.2280, -140.7810
-45.7435, 122.5106
-54.4511, -115.3178
89.8912, 96.0465
77.4991, 29.8296
47.1746, 100.0531
-80.0456, 160.9268
-10.5786, 146.0323
43.5420, -167.2041
-25.4550, -8.9035
87.4046, 96.3874
-88.7278, 94.1638
-47.4031, -38.8791
-1.8915, 167.6747
29.0789, 0.4827
8.9901, -176.1112
-60.2877, -138.7776
79.9387, -127.8480
37.0974, 142.7863
-5.2479, -28.7393
9.8258, -137.0598
11.8344, 132.1605
-17.0090, -4.3559
79.9677, 77.0407
-52.9977, -1.4153
-68.8360, 152.7416
70.3372, 114.1044
-68.4336, -32.3837
72.7970, -22.6242
-44.1584, -29.7775
-45.6417, 82.5957
-32.6986, 15.0070
8.7935, 126.7258
86.5673, 0.7802
6.7854, 165.9789
62.9066, 116.7466
20.8322, -67.1849
-58.5016, -23.5951
15.8434, -46.5037
-7.5316, 84.8149
-70.6257, -104.0623
2.9780, -87.6428
50.7732, 104.1381
57.0995, 168.9012
43.3672, 121.5959
78.0770, 27.7856
61.3089, 88.3698
-1.1241, -143.1228
69.8255, 49.9540
-26.4908, -63.8291
79.4711, 4.5525
31.7722, -102.7070
25.6608, 121.9685
-53.3681, -156.2559
0.6095, 7.0108
30.2259, 139.4989
-9.6676, 45.0229
-3.2687, -21.9508
28.0240, 4.6131
24.9703, -90.0833
-66.9260, -34.8942
-40.3905, 130.9000
14.1151, 113.7739
6.6606, -97.8071
70.1305, 30.3258
85.7273, 132.9951
67.0988, 84.7739
12.0582, -159.1392
42.8797, 131.3141
-1.5815, 13.4846
23.4213, -33.0812
-0.3285, 77.5002
63.5267, 140.3239
-18.3619, 148.2498
-72.6004, -145.5071
-60.7500, 69.4918
82.7552, -36.4512
47.0957, -3.8106
63.2638, -119.8145
58.0279, 157.9551
-33.3626, -12.5542
-55.9963, 173.5854
56.0636, -24.8569
-83.7496, 38.9719
84.4527, 157.3805
54.0129, 173.0106
-15.9623, 11.5308
87.2008, 125.4474
54.6391, -2.7612
69.9535, -111.4177
-69.4807, -128.7356
56.0381, 68.7398
18.0300, 162.2523
17.7761, -140.3903
36.1518, 172.4041
73.3101, 169.2911
7.0082, 88.2216
-24.0983, 164.5651
47.1985, -25.3441
-73.5913, 136.8274
-49.9206, -25.9308
-75.5098, -179.6230
54.0363, 28.6796
-82.7289, -110.2779
35.8965, 145.8570
-83.3436, -104.6389
45.9415, 144.3874
83.3954, 165.4847
-20.0407, -30.4229
-13.6946, -57.3184
-78.5734, 84.9552
-67.3246, 124.1808
7.4179, 176.8840
-56.0987, 162.9966
69.5034, 161.7437
-53.7390, -81.2800
59.3083, 72.4160
-17.6366, 148.4248
-12.6245, 139.3106
74.0658, -131.8020
-33.6505, -142.9276
-34.6674, -115.0262
55.2951, 177.5399
68.5900, -2.8240
-36.1417, -23.5794
60.3608, 59.3378
2.4337, -60.7982
7.4772, 145.7990
-63.6132, 152.9157
-85.2230, 14.5725
11.2117, 34.2793
-63.3054, 85.2101
-75.1734, -17.3394
-81.6298, -137.8888
42.0074, 122.9700
-30.9401, -131.2523
66.6398, 173.2713
-12.2094, -91.8213
-44.8200, 140.0976
10.3967, 170.5237
-78.9405, 162.1088
4.5103, 3.4775
-73.3244, -22.6642
-79.4230, 7.9984
18.9624, 43.8047
-11.1634, -6.7297
58.1145, 103.2993
83.0652, -160.3476
11.9114, -140.9289
52.5382, 56.9672
-74.3706, 130.1734
-9.9561, 42.5694
12.3591, 131.8560
-21.3534, -7.9724
-31.2328, 172.6971
-39.3083, 167.2085
-18.5424, -47.6913
-48.8288, 110.9200
56.8329, 116.1125
-45.8929, 41.2530
-48.7717, 62.6419
-78.9014, -117.4231
5.4203, -176.7261
87.9017, 123.9921
78.6958, -80.3383
-31.5170, 148.4208
11.0017, -3.5743
43.1790, -22.0314
16.8176, -154.6507
-32.8788, 158.5959
37.7580, -136.6281
-29.2088, -17.4925
-76.3635, 90.5273
40.3985, -144.6630
-19.8000, 145.6711
-87.6513, -61.7652
-87.5159, -39.2661
23.3618, 18.1514
-15.3655, -165.6012
77.9966, 44.6338
-49.8814, -71.1926
-53.1515, 11.8744
55.9299, 56.5022
66.1638, -77.7181
-3.1189, -93.1391
-86.9568, -55.5411
85.3113, 43.7621
-88.8947, 129.9203
85.1827, 61.7554
55.7006, 117.1995
77.1801, -114.3218
82.8998, -79.9036
-8.4481, -157.8511
0.8760, -165.7495
-42.5480, 22.4647
-38.1774, 140.9293
86.6430, 153.7271
56.4236, 157.6864
-74.4740, 9.1183
-11.2717, -84.8724
-61.0674, 159.7486
72.3351, -22.3366
73.0810, -79.5298
-74.7119, -60.3245
-10.8182, -132.7151
-38.3638, 79.8530
-32.8410, 9.2598
-6.8845, 170.3802
57.6896, 149.0538
-71.8416, -82.9203
-31.8149, 18.6341
-37.6481, -91.9797
14.4896, 134.9645
87.2016, -87.0675
-62.3593, 92.0864
-89.6885, -169.5422
44.0580, 8.9936
62.3557, -5.2543
-3.4038, 118.8993
26.7075, 163.2785
-20.2656, -32.3840
25.6317, 142.8308
-33.5292, 41.2899
-87.6511, -171.9937
-53.4046, 108.2281
-72.9194, -68.4105
87.4857, -100.0904
62.9752, -112.6560
14.8639, 56.2691
42.4960, 8.7780
31.2151, 162.6905
41.5717, 154.5208
85.0810, 39.8396
-43.4352, 111.8370
17.0419, -144.3108
-61.0084, 155.6200
-51.4900, -71.4973
62.7338, -65.3887
-4.3343, -92.5928
-89.9391, -90.8847
77.9902, 166.5814
69.9665, -95.9604
52.1602, -115.2697
30.5795, 121.8854
37.4468, -151.5373
-0.1792, -81.7417
-62.7176, -90.3380
-65.7176, 152.9179
-49.3241, -27.3953
82.2020, -3.3725
57.8441, 166.1570
22.1685, 78.3516
62.3392, -74.2325
-47.1568, -7.7124
-24.5125, -88.9298
19.6642, 177.2725
59.1061, 129.0342
13.7228, 64.4382
22.6131, -42.2300
-46.2677, -96.2214
-49.8186, 32.5131
80.5912, -65.1096
56.6233, -66.5774
1.1256, -88.6687
-15.4595, 90.9644
10.6267, -142.9140
-68.0731, 71.5990
62.0666, 41.1757
10.8169, 104.0178
40.3540, -4.5108
-50.5647, -21.0142
22.2798, -32.0350
34.3923, 85.3388
-35.9949, 145.8716
57.0721, -70.5174
5.6984, -100.9982
-27.9919, -75.7369
80.5651, 16.1323
87.3847, 73.6145
-59.0771, 21.3924
57.7954, 165.3108
-24.1988, 150.9858
5.4211, 27.6502
68.3693, 9.3983
-52.2182, -8.3700
-78.0846, 133.7813
65.0833, -91.6664
-24.1018, 142.2100
87.0102, 30.9030
-40.3305, -101.2371
80.8565, -37.8221
-31.1912, 69.1138
-30.3547, 164.9194
74.1947, 178.9428
66.7471, -79.0703
-61.4939, 69.2928
3.5150, -112.5683
36.4538, 131.9167
21.9849, -57.9729
-67.5962, 32.1033
60.8613, 100.1519
-67.9894, 140.2150
-12.0648, 179.8125
-6.0257, -122.5591
-64.3713, -53.0747
-25.7219, -25.7759
34.0590, 105.4533
68.0402, 76.2528
-85.3165, -61.8808
-44.3366, -70.7323
-85.8760, 132.8337
10.9588, -58.8246
22.1508, 47.4293
-62.4010, 55.6238
-39.0727, 140.7985
-42.6483, -165.4499
-33.5653, 73.8955
-87.6329, -113.7912
-17.8338, 38.7974
-4.5886, -73.1089
-12.2122, 158.4130
75.4131, 91.0817
86.7959, 120.6395
56.5056, -53.6797
-44.8024, -39.3132
81.1101, -143.1592
77.9650, -51.4264
83.2698, -177.7692
-74.9175, -58.9601
-36.2632, 75.6596
77.8342, 139.0725
-62.5368, 112.8487
-69.8780, 168.7384
59.3863, -94.1323
-6.2904, -154.8917
59.9085, 117.8633
-74.2909, -111.4460
82.9230, -21.4013
79.6757, 31.4917
45.8129, -50.1520
-78.9908, 57.0621
1.5549, -164.0683
62.5930, -85.3931
72.5468, 144.7047
83.8585, 164.9126
-73.1162, 170.5601
5.7000, 149.7713
41.0045, -48.0807
33.5965, -24.9371
5.2403, 131.9588
11.9191, -86.9452
68.4742, 179.8992
18.0690, -116.4732
64.2696, -64.8275
26.5916, -112.0508
-23.3957, -28.5529
37.2127, 24.6647
-84.8032, -112.8349
19.5717, -49.8386
-48.6059, 96.6535
43.6475, -126.6364
-82.5143, 38.3532
-73.7126, 111.7022
39.7483, -9.1309
-63.5537, -23.7411
10.3082, 71.9032
-83.0988, 116.1131
0.6005, 84.5822
86.5441, -38.8854
-86.5066, -25.6586
16.5216, -61.6576
88.8179, 84.4044
-33.8884, 151.0213
-67.7112, -4.6093
86.3102, -125.3782
5.6689, -97.2137
-87.2738, -38.5864
72.5554, -149.9674
4.4999, -97.9313
-30.3382, -17.0292
56.6301, 29.1826
22.8235, 128.8107
-71.7286, -166.7527
-17.9373, -4.0290
-17.2068, 10.3615
71.5468, -82.8384
-40.1122, -60.2816
-27.9547, -44.3144
-89.5914, -71.3989
-41.6372, -39.1301
29.0206, 138.5950
-0.9597, -142.3612
-50.5939, 168.0246
89.6626, 170.1818
-75.6718, -150.2368
-29.3683, 168.5923
36.2298, 80.6224
26.7657, 35.9310
29.2225, 94.8035
55.1525, -157.1357
-21.4029, 17.5899
-51.2055, -178.7733
-61.6241, -17.0714
-74.0394, -132.1773
69.0770, 132.9454
89.2573, 100.8036
-19.5535, 172.2814
-7.1301, 57.0797
-12.1755, 66.0630
-13.0573, -167.1426
-57.4977, 41.1721
-86.2784, -161.3457
-51.1245, -156.3515
68.0874, -85.9610
-27.7896, 75.0100
-36.3768, 123.0367
-69.4787, 35.2468
10.2635, 71.0801
68.8223, -8.9003
-9.0469, 174.1493
-74.5515, 15.6292
49.6695, -138.8630
-33.2183, 47.9286
-84.5073, 150.4164
-29.4526, 39.2516
-86.7860, -4.7161
-84.4531, -14.5693
29.8623, 148.9026
-27.1926, 18.9779
38.1757, -66.5572
-13.7367, 120.2601
16.1896, 87.6598
54.2782, -109.8779
-59.8243, 77.5151
-10.9285, 0.2762
31.6062, 51.4156
55.3551, -32.7971
6.2140, -144.2584
55.4999, -24.0186
18.4230, -12.4471
62.5863, 148.1328
36.2240, 67.4488
77.5971, -33.4870
58.6520, 58.7039
-84.5574, -80.9861
-45.7284, -110.2920
4.9321, 132.3205
-28.2132, -49.5559
-58.5987, -34.6674
-57.4180, 82.8883
-6.1972, 12.9710
-27.2330, 5.8022
31.4326, 59.4491
51.7631, -52.0174
26.0064, -83.2811
11.0377, -76.5448
-38.8541, 82.6803
6.8682, 3.5704
-38.4290, -80.8603
26.2811, -124.8437
4.0747, 104.6662
2.7155, -32.8505
49.6855, -24.7725
-53.6715, -67.2472
-8.9192, 43.1183
-59.9623, 75.0618
-51.5509, 114.5586
-80.3870, 123.6122
-49.0436, 27.7355
-67.8833, 130.7519
88.1074, -9.9468
-89.3501, -168.4429
-31.2447, -119.6606
-21.7495, -129.7577
-63.0506, -159.6594
48.9845, 155.3939
-26.1178, 177.5804
12.2040, 19.5640
-51.4864, -146.6928
-67.7869, 150.0927
-51.7437, 171.3451
-25.6812, 148.7794
57.6287, -54.3114
30.3210, -111.2167
-80.4591, 35.3647
-75.1781, 14.3925
-29.6174, -50.6235
39.9178, 153.7074
14.9098, 3.4562
26.7840, -88.4562
-85.5894, 106.5488
-50.0483, 140.0645
-7.8863, 7.0681
0.4178, 130.4814
-43.0789, 91.4926
17.6541, 94.1032
67.2895, 63.2267
-78.3192, -161.8772
12.9189, -40.3953
-80.7702, 132.6751
-34.3020, -44.6274
3.4657, -16.8962
-32.9146, 10.3723
-19.0468, 43.7337
2.4862, -126.4145
-26.0467, -29.0738
83.3097, -179.3101
12.1556, 171.4263
-33.2393, -21.1827
79.7229, -49.7968
-76.7324, 14.9479
53.6250, -114.1610
33.1184, -87.1510
-61.0045, 117.7820
63.7810, 9.6223
-72.0891, -78.5444
-20.2928, 173.9344
16.0983, 68.5216
68.7116, 168.2693
51.8565, -39.1067
-38.4712, -28.7327
2.1341, -41.6993
4.0243, -160.5952
79.7501, 75.4134
10.2581, -106.4406
40.5071, 145.6108
-36.9428, 139.5308
43.1800, 2.1004
45.6120, -78.5254
-56.4858, -94.3484
-86.6672, -42.0702
15.7628, -153.5517
51.7118, -137.1293
62.4781, -138.5201
-77.7815, -146.0913
51.3641, -65.2300
-21.9349, -78.4213
-89.6715, 128.1610
-1.4122, 88.4662
85.3787, 141.0577
-76.8767, 3.3659
-0.0980, -10.7554
88.2657, -111.9408
-22.8966, -101.0035
-37.3557, -105.8648
85.0675, 9.3669
-3.5783, 107.5908
5.1448, -177.3816
27.0806, -60.5874
-71.5402, 178.2131
16.2965, -128.0848
-72.5570, -32.3779
-3.0620, -118.1842
-31.2994, 27.1494
-72.9833, 85.8422
-9.0022, 35.3993
27.5036, 73.3504
74.3336, 56.5080
42.8321, -149.2544
-11.5658, 156.5358
-51.4014, -80.8243
-35.2671, 82.8523
66.1075, 11.8193
46.5007, -159.8333
62.2497, 0.1293
-78.2389, -99.1648
85.3367, -118.0115
-44.8719, 33.8651
84.8155, 9.0809
53.9418, -91.3285
78.6930, 51.9759
-30.9129, -86.1470
-10.5051, -78.2973
29.3695, -159.0970
-61.5915, -41.7356
-69.9300, -149.2424
64.9752, -58.8395
-74.0816, 147.8369
61.3333, -56.5951
-70.9387, 71.9535
50.1451, 127.8674
77.2920, -32.6521
-78.6884, 110.3852
74.7462, -72.8634
23.9992, 50.6582
-69.4159, 122.7399
-59.5131, 157.4161
15.6426, -58.7359
-81.8703, 171.6865
11.1383, -66.0611
-80.6464, 14.3518
-52.8639, 84.4673
-16.5541, 153.0391
51.0250, -67.2927
64.8508, -153.2822
-82.5520, 82.6064
-6.5047, 72.4465
5.8327, 73.5969
84.7031, -70.0654
39.4629, -59.2695
28.4515, -3.3144
38.2579, -179.4771
-59.2014, 11.4643
14.2982, 30.7222
86.1645, -120.2639
-9.7478, -65.8851
-67.0132, -30.9120
-32.9737, -123.7993
-88.7164, -152.6061
39.1716, -86.4648
71.2612, 114.2206
57.9422, -118.3731
-76.6276, 170.3799
-19.6151, 16.9680
15.0577, -165.2241
2.9688, -41.8215
-35.9987, -138.7255
-17.0453, -111.5359
24.2830, 52.3158
57.7073, -18.3542
-84.1396, -28.7857
46.7200, 170.2011
-17.0565, 69.9271
-5.4098, 176.3582
-33.1888, 28.3634
-58.5020, -130.4448
-33.7415, -79.4716
-25.2505, -8.1038
15.5740, 166.6835
21.8536, 27.4755
82.9259, -76.0531
40.7384, 47.7269
-46.9904, 61.5888
9.0955, -96.7543
-41.5800, 19.9980
-63.8831, 7.2786
-68.6552, 32.9230
86.6663, 65.8622
-13.4246, -77.3061
-84.9223, -38.2926
-55.1550, 88.0187
-2.1650, -117.2621
7.4425, 139.9550
75.9637, -52.7786
33.1067, -99.3270
-73.9633, -66.0080
-1.9293, -60.2650
-65.9550, 168.5571
-22.6776, -3.2178
48.8206, -64.6033
-33.4619, 78.2028
50.1465, 179.1925
-49.2769, 158.6615
54.2853, 22.1439
-0.1317, -161.7147
46.6357, 133.8789
-44.6280, 52.5430
-6.6672, -56.0058
-44.7457, -81.2337
47.6237, -28.3309
31.8662, -74.2746
50.4074, -139.9168
50.0314, 171.6713
-7.4548, -101.4157
-23.2630, -77.1942
83.5766, -41.5555
-16.5001, -18.4550
16.7884, 8.1209
54.6566, -107.3663
-46.0877, 136.5861
-71.3824, -147.6952
36.9302, -158.0487
-48.5585, 28.9343
-11.0840, 150.2909
71.2774, -140.9316
56.1611, -170.2830
-28.8311, -125.2236
23.0821, 120.2156
10.9051, 52.7985
76.4032, 50.3472
52.4469, 19.1461
-1.7035, 139.9544
14.0476, -43.8173
-68.2011, 115.3397
-19.6848, 173.2785
26.9649, -4.8592
20.3523, 46.5460
-87.3802, -135.0125
75.4667, 140.2665
60.3978, 122.5076
14.5288, 7.3048
-8.9518, -82.5218
-11.8714, -148.4852
77.1557, 118.3558
18.9042, -121.6726
35.2907, 94.5833
-24.5235, 64.9701
83.0458, 63.4286
29.3314, 125.3359
8.8531, -155.4815
17.9585, 140.3801
14.3457, 43.1604
-10.4726, -120.9061
86.4884, -84.8817
15.9528, 87.7636
67.9818, -17.9089
-20.9152, 76.0129
49.7356, 84.6498
31.8390, 54.2014
8.2540, -168.4053
18.6655, 138.2611
53.7245, -142.3492
-76.4172, -171.9901
30.8042, 135.3470
-53.2812, -148.7173
29.7925, -154.7397
-41.9681, 103.5391
47.3119, 85.0829
25.4227, -102.6165
-55.1913, -28.0417
39.3469, -127.6167
-0.8594, -109.3176
37.9813, -156.5611
38.2900, 84.0535
36.6674, 81.7038
66.0232, 49.6856
51.2930, -167.2952
66.6339, -1.7375
1.0292, 34.1682
-13.2253, -47.4944
10.9280, -51.4517
-79.6465, -134.1438
-50.3854, -68.3518
-35.9704, 179.1221
-13.8610, -156.9002
52.7831, 163.9929
27.4095, -126.0079
-32.6912, -65.7115
-42.7517, -2.6545
-19.0294, 55.0422
63.3008, -134.4665
-31.0243, -24.2233
24.0737, 50.2700
55.7878, -88.4348
-58.7408, 150.8478
-63.8126, -75.3418
8.8531, -1.6280
62.7335, 54.7204
-9.8476, 68.1913
-4.5072, 134.9395
-41.6299, 130.0646
-49.9712, 39.6156
63.1103, -46.9520
-56.1425, -28.6634
-62.3390, -17.5596
-23.3014, -9.3862
69.2564, 69.3702
70.3513, -51.3773
-14.8587, -123.7594
53.0868, -104.8421
-43.0305, 75.4569
-42.6590, -31.6872
0.7270, -8.0586
58.8963, 36.6986
-73.9865, -25.9456
-35.5790, -98.2010
77.2708, 117.0572
27.7116, 171.1948
-17.9099, 69.4055
-6.4517, 166.1357
52.0744, 107.3335
-30.9310, -2.3660
-36.5081, -33.4455
50.7002, -153.7415
32.4454, 93.4886
-74.7190, -103.2272
-9.6915, -85.2422
10.9442, -171.8996
-28.4688, -61.5168
-60.4276, -111.8800
13.0043, 126.9473
55.0971, -11.1067
72.4055, -30.0233
87.0042, 69.4489
-43.9645, -85.7136
56.3959, -56.7420
52.5497, -155.7871
5.1762, -121.1635
29.9474, -122.4418
31.8182, 29.2283
-44.7366, -2.5019
53.4914, 168.4262
-15.5364, -55.8468
-76.5025, -50.6601
-11.6425, 122.4783
49.4328, -132.8156
10.4777, 174.7700
-47.4921, -169.5553
-46.7327, -103.9529
-9.9015, 73.4187
-41.2573, -115.4976
-35.3307, 47.9850
81.7307, 157.7444
10.9193, 150.4733
89.2967, 169.8648
41.2462, -172.7803
-84.1628, -118.9633
5.4398, 98.1266
74.3632, 36.9419
89.1667, -170.6254
-73.2036, -127.4879
-82.2091, 70.2256
17.4230, 106.3010
-27.9052, 139.8143
-77.5848, -55.8737
-77.4464, -44.3763
